C:\Users\willk\OneDrive\Stuff\EvoSim\saves\Save 1.txt
Map Size: 1280

Thing 132 71 58 434.9225191878993 866.7828444419773 3667.037832293193 0.006539516450139907 219.40265255611678 58.636871535296834 9.608532836429703 15.275560709815721 1.4254779605528394 0.009387681435913791 3314.0
Thing 132 71 58 757.5642115018605 659.56747827439 822.6306554626951 0.006539516450139907 54.733027400632096 58.636871535296834 9.608532836429703 15.275560709815721 1.4254779605528394 0.009387681435913791 3315.0
Thing 132 71 58 580.462136072799 97.17038819589692 327.87331858700924 0.006539516450139907 341.48610696875244 58.636871535296834 9.608532836429703 15.275560709815721 1.4254779605528394 0.009387681435913791 3316.0
Thing 132 71 58 231.4319546669043 824.0516515707671 2536.0668186177973 0.006539516450139907 29.506710206314416 58.636871535296834 9.608532836429703 15.275560709815721 1.4254779605528394 0.009387681435913791 3315.0
Thing 34 31 167 516.7148147504707 1157.4122288098135 4.419027103192212 0.06050019700625893 327.8760099529673 86.1329897637215 5.0791202863616824 2.845993104646129 1.6065408556670104 0.3113170085593945 -1.0
Thing 30 4 149 1157.1339298278003 676.5506903088477 30.317832927673596 0.06050019700625893 290.69353294850197 77.36890581255061 5.0791202863616824 2.845993104646129 3.4672091005300847 0.331714731516602 1.0
Thing 132 71 58 1249.7248610795339 353.7383559123301 3215.728715817869 0.006539516450139907 198.72068363795995 58.636871535296834 9.608532836429703 15.275560709815721 1.4254779605528394 0.009387681435913791 3315.0
Thing 132 71 58 1024.5724019770048 196.8995903491524 1681.5360205913685 0.006539516450139907 225.05281566635546 58.636871535296834 9.608532836429703 15.275560709815721 1.4254779605528394 0.009387681435913791 3317.0
Thing 132 71 58 46.26841170366739 108.06240149287733 496.5819437150857 0.006539516450139907 48.84293082940337 58.636871535296834 9.608532836429703 15.275560709815721 1.4254779605528394 0.009387681435913791 3316.0
Thing 132 71 58 834.23587201267 584.062325985222 982.7363450381885 0.006539516450139907 141.40986854027747 58.636871535296834 9.608532836429703 15.275560709815721 1.4254779605528394 0.009387681435913791 3316.0
Thing 34 31 167 550.4214235577015 795.0041332101581 9.39205819808194 0.06050019700625893 261.8396369413166 86.1329897637215 5.0791202863616824 2.845993104646129 1.6065408556670104 0.3113170085593945 0.0
Thing 132 71 58 1139.7407527281473 494.6337247550458 827.9257748632946 0.006539516450139907 281.6232637866725 58.636871535296834 9.608532836429703 15.275560709815721 1.4254779605528394 0.009387681435913791 3317.0
Thing 132 71 58 341.1186998946952 774.9497847004092 441.2348105722838 0.006539516450139907 340.4777433112384 58.636871535296834 9.608532836429703 15.275560709815721 1.4254779605528394 0.009387681435913791 3318.0
Thing 34 31 167 80.863747649378 743.9943204833586 30.878397256701927 0.06050019700625893 147.3964757842074 86.1329897637215 4.55173851794 2.845993104646129 1.6065408556670104 0.3113170085593945 0.0
Thing 34 31 167 10.502700020412565 1212.8996121798136 14.740987599176277 0.1601869248345661 356.0545624221466 86.1329897637215 5.0791202863616824 2.034031873380174 1.6065408556670104 0.3113170085593945 0.0
Thing 132 71 58 194.96369688852053 149.62516979981598 441.2039671245683 0.006539516450139907 131.94210289372054 58.636871535296834 9.608532836429703 15.275560709815721 1.4254779605528394 0.009387681435913791 3317.0
Thing 30 4 149 1219.4511253452106 637.576964145592 30.317832927673596 0.06050019700625893 190.18675944205432 77.36890581255061 5.0791202863616824 2.845993104646129 3.4672091005300847 0.331714731516602 2.0
Food 599.7533181121414 432.2353422920209 15.514011113856299
Food 182.2989174977934 537.3639594923316 28.422501002988525
Food 905.3210351544294 738.6157433406431 19.400986083572377
Food 241.62578298967316 950.6316884023328 13.947829657725038
Food 193.73192752494538 551.3786850132225 75.69771684993941
Food 995.1693419695048 542.8620685086705 18.923766646904312
Food 941.3109897421241 193.35436000293328 14.5450934234442
Food 932.3556065674752 648.4181641190662 15.614669925655107
Food 1060.7005822435979 290.09498502181935 33.71781580913037
Food 1083.7226691899803 244.63108403282732 15.498780213262059
Food 1007.9017769137622 388.14781737600686 27.18959078033997
Food 1152.2166084636324 143.43005930586133 37.267229897905395
Food 860.1827324051937 516.4457377132528 28.58917887479805
Food 679.9408883344042 637.6261701184676 2.467532887614297
Food 931.2384520029291 230.8166583559303 68.25310953323395
Food 1048.6349273224293 754.400457090556 20.14120117186897
Food 157.02572435250585 926.747423732293 110.49631840526251
Food 1073.5082235298437 722.1286936700262 22.15479383896678
Food 1081.0491615228227 1085.4827772450444 7.746763398044308
Food 680.5716464138686 766.9153203875834 65.75196118433101
Food 1127.4163828685419 652.6109530353222 33.68295918802568
Food 1067.6374902235937 284.8304999562079 43.419242032557705
Food 755.3044163169147 635.5090028927168 18.98729096952739
Food 1154.3715234347635 341.89642886244917 42.182649532767925
Food 899.7881060249374 282.99411433739573 19.98430913776835
Food 978.2311502359798 188.52693916143505 94.4649861914842
Food 826.105779627646 52.42154209126238 2.583232591035962
Food 150.2834074729982 1065.4505213440877 2.0620223460783365
Food 97.91388692418393 520.3182030605846 54.43896190541153
Food 768.453069318423 257.96486771658454 65.16296158659219
Food 1122.9002287033402 791.2145774358843 37.073193111426434
Food 764.3962763655286 159.95081867664098 91.71527369434332
Food 879.6771835975654 45.05164340981369 12.483828291321508
Food 77.84637482561901 607.8470452312688 44.520427718808264
Food 878.9057293057865 114.96405434973929 55.531693209154184
Food 90.28111682793667 514.8273890581478 53.308813196199765
Food 1126.8558601980387 237.77084813977828 47.35504333140197
Food 485.0932725304746 91.4731154035003 12.526100396243159
Food 1232.5315646797517 92.77009628697996 116.53686175814663
Food 935.9546529295895 194.07755497564173 19.73330191037779
Food 1246.0706714120583 468.7536411319673 32.03468127065405
Food 906.1165065018741 176.87283659075575 19.527395531253216
Food 769.7112195868152 191.33961243220537 44.28773103834811
Food 1021.7828991952955 165.0974943037681 35.44206783147765
Food 644.8684718035536 401.3588639041681 16.434291893042534
Food 1178.068827635531 274.3077794209323 54.0203781936696
Food 892.0739692704835 686.2198419039563 110.58917578952133
Food 128.15329245170304 1113.3856372575208 23.833203909983645
Food 1132.5741211362729 133.70331596068414 24.27377008497639
Food 826.0017643483935 53.585597765559505 16.75908175819631
Food 1205.4241324849543 162.45888483648315 41.785497523283794
Food 1203.8633472814777 674.9884525405115 63.344390756507565
Food 712.6649603370589 621.7265344034635 62.899101504855
Food 187.4166936291638 979.9539431485084 1.4389595615906714
Food 949.4206076072711 1173.6279798108872 12.144720420241129
Food 1050.7762477083338 36.80612883007292 56.752920065543336
Food 1146.5381186112254 714.6262515139484 34.880350147128766
Food 489.86509389398753 93.6190976372407 43.224335261931714
Food 1125.2728080276247 821.0447962356817 68.76395192676667
Food 1074.5081473122596 706.6677377456199 7.312893276258073
Food 1068.3617290966574 990.7740391054823 115.72403233562136
Food 1174.4026665304514 1214.393621583001 96.02886710847712
Food 1145.272959691538 245.17033267543462 126.23902378988467
Food 1245.076305128259 93.15999448789461 30.814935779981315
Food 1228.8842941846249 52.03417780173732 27.67861066547197
Food 970.2003219304108 313.60856988408216 35.140046985892894
Food 1115.8375832493941 1170.360133611609 16.253839175779845
Food 907.7939927719541 308.6297899935621 17.30749132242378
Food 1068.965570368034 216.46990749488356 99.61614984395464
Food 948.7890687083448 495.63845963591996 20.07735886447054
Food 995.4802612983124 806.1518933708192 18.77333583030404
Food 1158.048029452285 167.19446404129914 62.87999845259955
Food 971.0742740535239 194.61778372478284 27.671949879512034
Food 1180.475072149921 713.5704685547616 46.98452901193461
Food 783.2784781362772 223.0076900446142 40.914420273472615
Food 1013.5527960120661 992.5438096173201 15.954190868891956
Food 689.9668595833633 715.201488044782 11.807795524626862
Food 943.7981713237846 218.193019175407 26.173770397743176
Food 1167.7797491084727 625.3332553698616 59.26629716407209
Food 1052.1915084432972 393.22337502586777 83.5372047562971
Food 1108.8708664353023 521.6151678330576 119.19287293460593
Food 942.7435912332542 210.56708976066923 25.36658758830366
Food 1145.858753451074 1065.846315143722 62.239441700756885
Food 711.5435513991645 588.2595793314781 18.574661676145638
Food 1050.0327110723522 160.28407401354005 49.38806990148972
Food 857.8973735886092 404.48597949658165 55.9326277051556
Food 1098.0313570435353 367.9776954277862 8.519220248275161
Food 898.6550207939864 669.916531710589 21.962664897522185
Food 192.48431389192524 623.5020748948315 22.090413198301803
Food 849.5854408703617 147.53174568154733 21.913624679355074
Food 1106.7613201630625 1056.7810909680386 26.21828848180367
Food 178.20391707134613 799.2048303641798 23.62886172967081
Food 1019.6332995675243 268.0427953974713 22.627478116411762
Food 1179.1894146346517 1006.4470343805776 71.9894152215705
Food 979.2820915340625 675.0729445101026 107.60778808891673
Food 1044.2947360524904 110.80694474916804 30.869547443794083
Food 1233.7273022526397 1220.0847346468447 14.17537370829831
Food 159.14151323947027 811.0222370193984 30.52387023875281
Food 957.2219866284739 318.9284605228518 29.490073361336822
Food 109.47758097921898 519.7721864567934 22.165257557315062
Food 220.89495686788118 1096.8583900017609 48.59606490718937
Food 1197.3677104889102 503.66691999978457 30.37009064593986
Food 937.0236730875375 410.68314267781176 33.18948244739022
Food 259.75487709585116 1205.6636319954498 57.74359555542816
Food 1100.2039190149326 787.7035660175248 23.01219605969384
Food 1143.3656389263947 1214.0481722107982 35.5972528245621
Food 1247.4481093720078 328.9482614375211 19.638175289563442
Food 1189.5358063547255 864.8649317819416 21.69830056340391
Food 1205.6803831790066 338.51658954845766 30.329951629976144
Food 1214.5801204195282 228.8845850497536 13.96950648766284
Food 921.3300218116192 125.82327636294312 31.193750578885975
Food 1126.699886481816 168.12895126240954 117.18395699689991
Food 269.0428039876718 1133.7319133778242 24.748173346152566
Food 968.2684968302744 230.01951931619428 59.786554931119746
Food 1071.949616895456 702.4768219518119 130.45767441880727
Food 855.3776441885443 213.04692168279527 12.809999034411618
Food 938.0229262436249 650.88993682873 70.64235498424941
Food 21.554146764818917 661.2283497279121 23.452641510379998
Food 1196.5317187553153 158.10821050789855 61.11660827012812
Food 411.04707133567223 886.3079867948717 2.7839419816795328
Food 851.132669938429 956.8024325257184 71.52977568675567
Food 1176.1183330457447 835.798250304215 21.228875374730094
Food 144.94627254639792 876.5252149016532 18.403462206956164
Food 1204.7074472055904 506.2398295705452 83.5173860278198
Food 1176.647857116861 997.7743610236332 28.834348509213168
Food 994.8977724279696 761.7427393668021 49.50024355077069
Food 1220.7040348161406 90.09681986296789 43.38338674626819
Food 1170.6728648433648 930.7179546183391 68.3994564423349
Food 1139.522369378476 265.5062621262935 22.29436221969422
Food 80.96611127995364 653.6271413485664 58.804289619398176
Food 1206.3971725240945 157.6892726447067 26.261577772584474
Food 254.6345178002014 542.2857508671932 16.952203781468512
Food 1133.2000386628008 836.0800745752864 112.02094126030745
Food 658.2897340980742 193.39368057904477 67.83140907132413
Food 873.8361770377809 441.86746477611496 32.482551958643214
Food 1144.1034291086473 1010.7941995358669 22.002306539898967
Food 1072.0344531237695 725.2484646182406 35.22464748510611
Food 967.3175455193382 316.3465756551462 29.065785137442795
Food 285.0618564417283 842.3895583365637 58.33290082565773
Food 658.7657565962379 170.1374896408307 104.55817380045342
Food 856.8590530073888 115.74866662335432 79.03849295131735
Food 1089.8153109598265 1039.6985794560626 22.204146519037643
Food 1096.3354094964668 466.31704294993887 60.7680845968393
Food 1224.4962211981915 612.0380745458949 9.614532392733334
Food 991.5518273455397 70.2927596036503 38.76684462085919
Food 1029.0899606727162 491.31572696609567 9.691452651440855
Food 1207.4392804188121 428.14676894108436 82.03132170730663
Food 1031.0258843385589 265.597647820684 20.0507510391913
Food 734.0769752187924 179.6424492446056 45.893120601069015
Food 995.4493390141639 501.4528151751726 135.36264201620446
Food 867.4801099787139 590.8175496201535 77.0455382870295
Food 181.33151678739154 605.0554312966148 8.762088791860485
Food 1201.0903966378426 608.3717434392718 13.98296782556065
Food 187.36213172128035 939.2845677071427 3.563580117230906
Food 898.118738916431 102.44653087481913 71.47286072962766
Food 265.144980165212 399.0807146649231 38.83652376461981
Food 1062.1678962401108 233.48051558273798 18.99430299260503
Food 1032.322188273088 493.17906535166986 4.772448570537897
Food 1091.9974324615557 773.1445758638185 19.15214704994565
Food 1103.9748140767294 54.229130447288604 25.434978507211753
Food 1039.3937608809708 370.12005235623934 24.094519234905157
Food 1021.3135101424583 1053.0624568013973 25.014485852866585
Food 142.1611787422311 771.8596759563577 95.03286032275913
Food 991.7302992769172 324.49028131282495 57.10268481771955
Food 677.3468085577755 206.59651205178022 6.021875595779939
Food 1027.5770834216746 366.5916878101502 86.63694927306113
Food 1081.4022098895641 985.3474086611548 17.010637563415358
Food 1020.8036890854178 208.64429509675892 88.40473051483627
Food 1045.8800823702916 380.97684435179644 22.73671268439891
Food 1126.2148981284788 1189.9741561441388 20.486421327240325
Food 857.021127096022 141.10861369580027 33.024072229126205
Food 814.5880590070964 562.3717904082197 66.85196773344612
Food 1150.6332551531939 1102.8609607735993 35.67300710284562
Food 1235.1028805406304 578.3356683334116 21.07150619666038
Food 1018.8070352374472 1134.1905478244964 13.322337031361258
Food 1110.9138340882107 801.1153180219225 34.04655773516161
Food 723.4816537340345 999.4041561602256 16.7259500815682
Food 80.50329204244849 618.7067434250004 0.6876021451350454
Food 956.4213472138252 873.5994881021802 14.979504026370023
Food 963.0440781544332 589.8591993882959 95.78608842548257
Food 1097.5697598033835 387.3683633668944 41.00783545926636
Food 1168.9779108435293 486.08412801551145 90.51483936096864
Food 452.2695618494162 278.2406631434556 82.24568970014528
Food 1075.5950823754888 114.21077166528538 120.42041983255206
Food 1109.6465657786646 837.1186092528076 83.62866911836167
Food 1126.6899419338126 494.1802080632081 14.446608822812294
Food 1169.4884718667863 625.1612421095675 19.247172808627386
Food 48.11434311079295 1189.1257458971263 113.06235782118728
Food 822.2084244441924 295.81502503225636 24.742427682547145
Food 1147.4044678253447 210.32203239637877 19.25636983322959
Food 1083.4274654551996 607.1589922576002 46.308771303556156
Food 936.7073624926118 410.28627295452225 69.79974856166055
Food 166.25899280418153 547.4795832443677 0.857498715356261
Food 1124.4265781172526 267.34153126997836 23.255335845615146
Food 357.8807376064543 475.74152202347494 58.33788994960685
Food 1033.9472672249963 654.1438960087027 103.20898412130697
Food 1090.5186782884016 644.5760024479752 45.540031931597824
Food 969.2884331154797 634.7586458168495 73.44316678463824
Food 1259.1201888489934 440.15047384674995 20.7185062011971
Food 1160.535454042004 168.9587803965002 24.03947909040913
Food 556.4002003749774 113.79227333877665 92.401231161635
Food 65.76828680876649 979.0347602268203 3.8087128479427363
Food 424.9081101031484 125.52944598504986 39.484924920553
Food 835.5726872674044 360.5547854659454 23.065724569062716
Food 986.3794132643137 57.27404947888815 23.72803530874876
Food 808.3693523100469 871.6225904775538 19.270119918245438
Food 739.3279702044205 204.73685643855066 42.68415275572374
Food 1155.0842977258524 1176.793244853412 105.24346476995312
Food 916.0354113790659 233.67146433234993 43.44601222054071
Food 38.37405748191341 1205.4023246941235 49.03827299749154
Food 1101.736431415587 898.6161065927598 21.289383895416726
Food 1086.2310699848865 288.9251946260515 100.4316700048712
Food 799.3531387315231 178.7346354420392 131.11597984724244
Food 888.5931504206383 580.5392592912053 23.47412271662649
Food 785.3283424122264 469.3611832041959 112.03655902452257
Food 694.5523354801223 716.8223336498954 47.245736171201536
Food 1240.8441108632258 480.3262584935871 29.10875232070502
Food 1152.390311671672 636.306983928138 7.791633146181141
Food 602.5288270904617 406.5093717435548 38.176368775444615
Food 877.727480366161 234.3001526661597 59.765135691479955
Food 40.144384487415444 467.9525963164036 18.893095516010565
Food 771.1254496717575 392.8234582327262 21.813389940263733
Food 1196.4601809623352 552.9080418138128 79.42210149624493
Food 838.5893598479086 100.67631108285505 27.292619317707924
Food 1106.6524180195668 1178.4347476091327 3.9585805525352598
Food 635.1520554732879 391.42330209711173 58.95524828875399
Food 933.5448651317217 734.3454074136088 54.436587359764914
Food 1040.0786361528374 180.9168103632515 51.21159469804823
Food 1169.8292635463927 344.0236017682454 27.87207850132783
Food 906.7413635324341 1162.9092566380145 39.128499776362226
Food 1070.6808051474675 1110.2391245424687 4.367173373860425
Food 615.3369673902055 393.70237483125203 51.54585713099253
Food 1128.6078247536534 1012.4352125213645 33.4158977996146
Food 8.389860654294516 447.9854140444841 23.53407817396591
Food 1206.9860657808586 225.71550625193856 1.5499152242738923
Food 805.467909900493 109.10670735690432 75.80989474881132
Food 881.7758108017096 468.2949878904104 93.85392332943374
Food 951.4522560975153 167.92063681897005 28.307156114413527
Food 973.7665624679663 336.52996655681625 68.57869050408917
Food 1213.6223081571352 772.0666647565188 61.46234923554104
Food 903.6979090848646 490.99272742995174 92.86222039242942
Food 916.3912178775283 266.32743859949665 55.35871243631001
Food 1133.3209324239597 699.66645749134 69.42060614683672
Food 104.27773188561386 338.065880696627 37.362749071894285
Food 938.9355300535394 1197.5490862254233 24.010845852823238
Food 1190.0161939424977 84.07412679640291 51.62273706818661
Food 890.447292223074 639.3974315257872 67.82796450535099
Food 821.484021461226 278.11843496857915 27.29688058664412
Food 528.572034431447 972.1179907429729 9.993178786275436
Food 541.3574176591276 259.78251402245974 89.51547252998827
Food 1213.9138063119954 388.74487752495486 41.13035203619609
Food 1124.8635731646502 649.023402606283 70.40436611011475
Food 1211.8277941503438 604.4517123253311 41.387783980466516
Food 646.7876695397201 389.45068124827253 138.55505838745643
Food 839.4798408826501 584.0672330037197 26.9591243293452
Food 482.82510415227097 142.29794252200742 73.04858630568155
Food 933.8350577393072 679.2914616789261 19.82790549194537
Food 467.30085818301916 588.3714326432064 107.8145533698178
Food 994.6024023389067 750.9162170475385 27.236741247678466
Food 940.9436110373541 898.8453897133157 27.124373971091202
Food 740.5268608199922 148.43237631770276 19.776393210185134
Food 185.0369903730953 785.0785518762416 135.40598451614392
Food 211.53815405529798 200.13147098207617 23.199343708559706
Food 204.56440692408836 785.8675723230035 59.45501052597542
Food 1023.1541270813601 112.58274118522276 30.615630879682236
Food 104.22079582767296 285.5183124220204 5.730476971142956
Food 535.3732538321564 817.139934815074 126.44450579566644
Food 883.5932492283825 877.9237698500228 25.357680894320296
Food 552.1436510347517 361.5864548126092 25.636509824934954
Food 855.0454722169451 233.50072162361647 134.87577273867132
Food 761.7270441965969 417.88287600917846 79.63775491568765
Food 1059.9668927204812 581.0796841402772 69.65012527231923
Food 139.65625329535652 1149.9141535180129 20.56861052331499
Food 1138.4992031748543 312.7897664579458 113.64387891142282
Food 1153.5632026052751 226.08011538346307 20.07485464449603
Food 1042.6666478403326 357.234500630035 93.2923664497118
Food 945.7818725319787 436.20548524046956 119.73913791509516
Food 1139.959857256677 190.7508286128868 61.84206361371028
Food 726.9615131023892 543.7160892956543 88.53706853335227
Food 172.02923203012747 334.8521191477493 47.18129260733816
Food 741.1338407358996 736.3319250270154 19.284032903158952
Food 229.4638847362359 925.9283926232205 21.387362820607756
Food 570.9565304645271 384.3613422173609 63.7607770847546
Food 241.6360284260041 878.2818191148394 72.22351762978836
Food 1118.7571942791221 794.5427333797528 99.61884313726327
Food 933.8226389781702 156.48112943399082 32.146569356953265
Food 406.41920839962404 881.6640465299654 78.47885636714315
Food 804.2547162498767 471.47879892463305 33.258775925860334
Food 399.02289719496554 202.7812436087074 43.02643337213175
Food 662.4650757987686 694.888188429827 7.94210813597725
Food 494.81639818938623 469.36692322684246 13.501178989322227
Food 1055.9275203766967 864.8248816143317 22.29895843742024
Food 1164.931590593578 401.36806124112945 23.786656637574033
Food 909.3446532216989 979.4711979826358 24.81098962904756
Food 1127.8522816160207 156.08142323176392 102.19122374209783
Food 1011.0450500468794 669.3751119926579 31.81971007466053
Food 154.50286087462547 459.5945293221202 20.715839288293854
Food 913.1784478328101 596.5846338409358 28.027295441289397
Food 1096.2409355705925 645.148256415723 121.13386726917085
Food 153.86298570630134 315.31579102761077 19.931343884145935
Food 890.1712515880533 240.7272164038619 123.76722522812696
Food 360.4741786884342 1040.505789222125 30.766784954960684
Food 1089.4889178569458 221.57779417601301 35.36168176179254
Food 1062.301689890624 343.6678553486345 105.39637180284073
Food 1039.5283596380402 1006.2068226432928 52.61131350468493
Food 977.38111384078 1073.5579886423182 33.18123472942737
Food 313.25216222225674 389.03246712036594 36.46165675689291
Food 944.136294614969 523.2492448304062 20.995517693290807
Food 814.4770390343107 31.71000999561056 39.004718989936336
Food 342.2836032781055 1131.4675598778172 58.187121840749974
Food 976.923138401192 424.5751380451633 20.921397137225814
Food 1157.644166319533 212.65935809424823 33.34897111787278
Food 395.66792959499566 506.67870062332184 11.91191868906159
Food 1052.1648153036529 357.05565136329113 47.360924989553524
Food 923.8701342250636 340.1683202158593 19.59852527313504
Food 1062.682257255616 1018.2633602311822 20.288428800156993
Food 487.83193883000826 1092.6151747420956 0.8315651256205001
Food 141.72212198390648 765.4439123384805 51.05390895745655
Food 709.7793742066173 125.72534483922074 52.0680670917092
Food 841.7819445317606 389.37015257166615 71.34539401850839
Food 928.585102934013 86.92601707974949 38.410400052256506
Food 948.9302429049475 94.66052693580188 87.6632180466443
Food 392.59582529344743 395.028176538646 2.437133283620909
Food 409.3008780706853 286.9963227861499 45.844712729983534
Food 976.1952296961144 787.6406473627712 41.45915446047147
Food 1078.2149604595775 223.19854607516322 64.67400941018461
Food 1209.227239026387 764.634726994761 28.94302334434842
Food 966.6127921288875 1180.5706634107744 118.1425711474212
Food 31.697677237378173 773.3848475667727 1.1499840611880536
Food 112.98641943727701 599.6281842675036 43.662488487870235
Food 665.6883258214986 1037.1013147826077 11.037128067582074
Food 1071.281604391208 304.8320203610767 93.42340602485937
Food 575.5084477415995 349.12652382116914 19.109324221758428
Food 758.4136121287384 1088.9205047124171 8.076204394750675
Food 1019.0061039909497 203.92387524265126 18.98949543250893
Food 917.8382610068105 1224.7676024419925 19.00029853757786
Food 607.0841579976311 432.66233682914816 59.67115509831203
Food 435.90099669360296 869.9435751052623 98.17518732604117
Food 439.2965330734173 54.972799345891495 22.467658016485334
Food 830.8171029730291 228.90460918567754 86.6835767317786
Food 486.2618112605028 1046.3460085997062 23.94430361741568
Food 776.3868824205945 197.22913074883627 125.60345139436164
Food 1209.3972798987825 712.6691166183589 111.74653570123601
Food 992.8437926697092 85.9675702238622 30.821927469298107
Food 1229.8088772748188 859.1831946430492 94.89688928615895
Food 1065.7965944643006 300.7178372018926 19.830985990035433
Food 60.711344349888535 1204.985582736187 75.01411504285497
Food 976.7641908415935 856.0249638523629 36.34480137365553
Food 843.9415922321185 37.08268322861352 58.150312683465806
Food 126.31211359859255 788.248256681204 21.76783734613573
Food 1168.1668340582137 831.3879422055745 21.40139893181538
Food 441.84688600112605 1031.1555084464758 24.987233759802464
Food 1162.9566669142505 313.7485660543413 59.4205316988341
Food 726.7675509684603 1139.3195835290599 116.17283896913466
Food 936.0142123207451 619.5885611551757 23.19535230444597
Food 255.85651844442222 849.3706970202985 65.79316359996349
Food 682.9390733200215 845.3924614140925 26.638105686220236
Food 472.62295415123486 400.67185661620715 45.39955416309127
Food 1133.3273334873115 1009.2955081884647 117.13645934821885
Food 785.775268019513 393.3314611049535 35.777558475143465
Food 889.4609560906445 856.556278117356 113.97659769386492
Food 362.88967811869827 325.7704929767221 46.40904622438087
Food 1091.7145954858452 896.1218579607109 24.442265015382084
Food 64.60243851633433 492.8233729636892 19.433553603665246
Food 79.42606738941015 268.10893329577794 9.370437161509571
Food 1087.816266255053 862.1433205581142 49.0710710627847
Food 809.9743680489464 416.9944898136337 101.87113995628765
Food 1225.215536673745 771.8380337135344 3.2255020547881443
Food 704.4455893232084 437.084161060674 21.62130636435519
Food 485.8669708918123 1035.9328296603069 21.552274875050248
Food 996.3888204793082 890.3515870928588 33.99917548039167
Food 570.8992746005028 455.18046673992126 70.34758891899651
Food 950.2355497505929 128.14679560005595 45.08862204510183
Food 1241.893267274537 1231.3057966968418 31.0711143360066
Food 413.9753287709128 714.9043387521364 0.7008109801700471
Food 438.43117377454433 1138.6659425729845 40.68051555983127
Food 621.4212058976623 96.01084654661244 30.95442387374539
Food 51.971455289179985 111.70746817524326 4.589517857477706
Food 382.2627037638742 276.9670232231177 20.261465168555638
Food 1092.707591736503 972.9875181787338 23.047935973106053
Food 694.2345337037384 152.53060720190476 61.97481029873006
Food 652.889184803888 465.5272696813705 19.142885213109412
Food 88.779131959105 992.1150415820796 27.182373679577285
Food 244.98430356108364 138.4070760549305 56.37131338027581
Food 627.8117059397183 110.73258351269641 68.56652232318667
Food 481.7313532725133 242.8811572175306 88.4843656307236
Food 41.60423378702353 75.06018974176607 83.9097646143004
Food 227.6514488262853 404.64503989490953 117.91914116065715
Food 1235.173018194612 860.3201833605218 47.920568707793755
Food 381.1737536643357 357.2482222191246 1.5127502847254917
Food 620.7329949848565 184.91263063577654 21.987506591797946
Food 967.2060510760989 356.6454135960466 29.953123513106334
Food 480.1586429682903 840.7429433535084 9.179546625287337
Food 1181.7915516036408 1131.9592720967557 40.52125748628872
Food 1073.6738915643994 451.8125365865277 77.86961417742924
Food 231.74123263614328 463.17401909312525 45.95140636572444
Food 223.72766352833025 751.7423717746934 52.81131402726591
Food 185.90461733499296 1220.1647788995235 18.772024586221583
Food 236.50187029787244 580.2576848421762 82.32322043450294
Food 1245.6542574025657 371.66241665968437 3.9450117804809324
Food 357.28084943105426 238.02367773854937 54.18631601334043
Food 694.1846916931702 133.6415639854742 34.17662671640788
Food 684.6788046339095 231.1739902713973 30.496158623318024
Food 1185.8724002693173 1150.0241814321896 25.687991096356456
Food 895.8010680176205 1011.3315339765845 33.218820925454224
Food 416.82029088212465 198.35025530868114 20.378613940226113
Food 988.7678447388464 1221.215687745541 23.12157796742546
Food 709.0605152917065 222.48816748657632 20.61575119219487
Food 1149.5896504741215 708.6073350751683 44.151188291029
Food 1123.1760365960326 801.4573740379495 48.25667205924601
Food 918.2693802727242 607.4011786848761 22.254557173232527
Food 729.790617370513 1240.1375911480602 23.769492281724805
Food 701.6469160481805 406.9425653597659 19.143222695995682
Food 30.11262105183461 482.59590453463954 36.89071331723924
Food 382.5017883989519 464.23847873032196 37.58152456948103
Food 849.4537778745791 207.17742642165592 65.24342859859709
Food 231.2123232145317 1223.9408605911485 64.03572059818191
Food 163.78120086255524 439.80675331668533 21.112867871637818
Food 853.454378056915 898.5253292004131 13.31172766839822
Food 482.3663838003028 654.9804407816504 27.51813267145065
Food 470.4073289075443 672.8057998988783 32.50487006299896
Food 805.147899693205 374.4217451734896 102.66505873302381
Food 793.2720310417519 861.3447722289606 131.5125407934135
Food 236.79735929144192 750.3723479627713 52.07097810300232
Food 667.9002861221705 838.5284491827119 29.11902576603639
Food 178.5225098981424 1200.6726068564346 68.0203792800616
Food 564.6969474267644 757.1858988176479 12.676802465788768
Food 904.2628322072665 28.441431813697726 98.09630650046276
Food 485.40983192134985 145.21913334947195 136.80064249220425
Food 90.83437959632289 1025.8481142013159 25.037870834592216
Food 663.6165095455021 389.655824115387 20.965318757017894
Food 1135.2809956607755 986.6126958951495 21.70525186100614
Food 937.5677356019781 366.4716949596795 21.948340834906325
Food 899.3734150217595 977.0558066062715 23.868276799646967
Food 615.4001138662832 807.062760807711 24.441236725048178
Food 1217.9669252774756 816.8102932446177 26.41894469914297
Food 644.8397439608756 286.42548005025594 23.06779677597134
Food 833.2540773790807 599.5304191340144 13.37408237460292
Food 504.6572594526905 13.024447489265242 33.11578694917212
Food 853.6604599690551 1259.9518628428057 46.95917802153022
Food 501.92228778757504 909.6042811394714 20.632167506858448
Food 1260.3695410012524 1111.6866941271714 54.739930760976065
Food 878.8142996125132 669.1436707285759 23.534984177989916
Food 149.5420758279459 763.5882027145568 81.25170824106493
Food 1073.229582260492 376.7981399774729 53.16025511480337
Food 691.2867313524049 1201.5104089875526 66.08901598134926
Food 1218.8087570494451 226.39222025228622 19.530009250432094
Food 1101.506544523547 1005.0717582571244 38.16393207132959
Food 337.11765658128616 270.35708211743895 34.62438545814692
Food 807.9620127390523 144.5470839950236 29.39937343459262
Food 874.9391509444381 60.04639716369804 20.20927102939104
Food 874.2910521095233 844.0693070098871 27.52815158202816
Food 493.4830979321082 697.6882817207307 16.378391624458246
Food 382.41671291982635 906.4062488234866 40.196766013716314
Food 65.75378508443264 422.9102820333112 27.894288971071724
Food 75.88261486435721 128.98999017448125 27.023371070053102
Food 436.3133110977739 1077.7915684219734 20.185483886639457
Food 1113.0540143706774 389.06854925922204 109.0687466662348
Food 355.4004018783446 279.63020615312985 20.02843403907429
Food 1046.1341059381368 535.3343043344694 39.570357589471556
Food 1202.6774503012384 674.9322887709988 21.416079983299184
Food 365.21384985428153 1145.930827547602 23.79253490465986
Food 671.2854864248036 67.68712393855002 24.564809911173477
Food 875.1027351982418 992.9460213388063 37.192697321514224
Food 812.7774544797342 943.9790946489721 34.795861474218796
Food 800.1601261231126 411.5562150003798 22.491680986370337
Food 586.1463450920508 852.6786762716238 25.480738454799436
Food 488.5306759189387 208.23847279258518 32.1733913615589
Food 141.10331093745765 1229.1881393009412 23.75077862897634
Food 1073.1549766844184 691.5896798625304 20.882682715694134
Food 80.0753741065332 838.1270625454266 23.168604841672682
Food 487.4288276057198 1156.351652686421 83.89567954767654
Food 694.2318923870695 414.80859413696686 79.29642185574401
Food 836.8320813258196 128.178562526904 92.25354674436275
Food 425.6133726730639 1169.5730443483499 54.45405796514546
