C:\Users\willk\OneDrive\Stuff\EvoSim\saves\Save 3.txt
Map Size: 1280

Thing 121 70 52 875.1076430973801 788.7156257214193 13440.455277045168 4.785594567641785E-4 353.4886613635194 35.1545721920015 6.029555921586184 13.972621473516138 1.5489464851902457 0.7056749993273882 33.0
Thing 172 125 68 760.0110012856658 763.5364026737565 1181.8598944465443 0.0014768925393031512 49.12711720798218 43.736940624704786 8.35914292255344 13.97103547531479 1.2784069497924575 0.6410556432888227 35.0
Thing 114 92 53 370.6695687064537 13.028612299252316 6255.4992170014 4.785594567641785E-4 220.4459365448236 35.1545721920015 6.029555921586184 13.028612299252316 1.4929415553860474 0.6852395187309891 34.0
Thing 138 84 18 1252.812945608383 31.830150553001484 4758.067224524933 0.0014768925393031512 131.766179220586 44.677722631518975 6.959720502150435 12.987471171871452 1.5309637006039885 0.6463776779111622 36.0
Thing 146 94 20 1231.1080797317998 762.370364415854 1145.2830687511516 0.0014768925393031512 347.54474387073975 52.66022972766025 7.730525548097334 11.865349621889044 1.1785525116647175 0.6463776779111622 36.0
Thing 106 20 39 560.0006043059716 772.2595643839902 6270.651061490616 4.785594567641785E-4 112.07081968490603 46.77571838464083 5.638935499508744 13.972621473516138 1.6163530822104577 0.7056749993273882 35.0
Thing 94 64 40 831.5469152416341 106.62661179130919 3877.5269267604303 4.785594567641785E-4 264.93162590339944 43.06354663580704 6.029555921586184 13.972621473516138 1.5489464851902457 0.7056749993273882 34.0
Thing 127 57 20 545.1946281028276 1197.6583143241503 1627.1989548012125 0.0014768925393031512 329.7962182942099 44.275211460305975 6.272563971855666 12.451905268646208 1.2533734579263185 0.7150379000439571 36.0
Thing 134 90 50 211.92194421178644 1266.027378526484 5262.653755410105 4.785594567641785E-4 355.17940970355977 38.075036483702775 6.011359826828135 13.972621473516138 1.5489464851902457 0.6991836295329865 35.0
Thing 106 20 39 714.2829491607226 352.84036959475725 2824.4524024683105 4.785594567641785E-4 139.76760716246164 37.56808363753265 4.851410959970416 13.58940141851135 1.6163530822104577 0.6865923784391706 36.0
Thing 89 22 55 33.75568314971395 871.2872166410195 1915.3848209447392 4.785594567641785E-4 55.25952236253379 51.83694232937524 6.039737268235561 13.873689207605901 1.6163530822104577 0.7056749993273882 36.0
Thing 159 43 44 1268.0641165320096 330.3358695315562 2008.3298240441768 0.0014768925393031512 84.86534932619415 39.0135445802521 6.932754352702401 11.935883467990328 1.8676854791932986 0.7214211270458145 36.0
Thing 149 97 28 186.08917237743813 618.0190948551524 1666.4801919177123 0.0014768925393031512 63.27058500524136 42.6846861936537 7.5248952524826755 13.092333526671894 1.0206860412845908 0.6142894919312276 38.0
Thing 89 22 55 1266.1263107923942 1095.8515521821344 3684.002932853083 4.785594567641785E-4 19.903177159499435 51.83694232937524 6.039737268235561 13.873689207605901 1.6163530822104577 0.7263132358189304 37.0
Thing 182 113 65 19.535339795957178 647.0746261307285 1598.409129306543 0.0014768925393031512 262.3415860345975 39.33577925077284 7.183288893301699 12.034116700112797 1.0147076526125862 0.6397739927920415 37.0
Thing 133 84 7 1266.3990491405225 1097.0200284812292 1115.8304001183062 0.001336701018174083 62.26137498794649 35.18445252394387 5.0840591430318645 13.600950859477619 1.7647136621954251 0.7454103326088272 33.0
Thing 132 96 32 473.945735712812 555.2144491717327 159.78338806089465 0.001336701018174083 350.81117541691333 35.18445252394387 5.14831323351742 12.290551317210634 3.257555563578928 0.7367274556187288 34.0
Thing 106 20 39 13.58940141851135 1121.1734257745802 2501.095973576073 4.785594567641785E-4 283.57126902094944 37.56808363753265 4.851410959970416 13.58940141851135 1.6163530822104577 0.6865923784391706 37.0
Thing 159 94 26 710.6811827432196 1052.401371824756 465.00421691957564 0.0014768925393031512 57.75764795552087 50.93212471242393 7.606998369302081 12.12300969661133 1.1785525116647175 0.630529061534184 37.0
Thing 107 123 7 1106.5432009053702 1049.6475140671294 529.3092929324646 0.001336701018174083 133.14382470034073 40.064779115602505 6.569584276714035 11.710213960145051 1.9071368087078735 0.7502610628777103 34.0
Thing 114 92 53 95.73212591076812 119.84885408069344 6358.074712777179 4.785594567641785E-4 186.6402586100492 31.175053836008107 5.426305586704455 11.965323755017858 1.0717532652918362 0.6883923494727306 35.0
Thing 159 94 26 571.4901528262011 737.2152647888038 394.8902968904554 0.03268686904326985 242.81110662947103 50.93212471242393 8.277695994206772 12.12300969661133 3.8808375731919376 0.630529061534184 38.0
Food 1063.380825939318 1190.0790454440241 129.45771085378573
Food 824.2357125102515 210.11764029688877 137.21192432491046
Food 806.2728160825848 36.20718740184327 76.46552532370521
Food 276.44239544186956 424.52720431551313 73.41145975645126
Food 1017.3578312253371 233.22824958793097 134.4854843985184
Food 1224.8402752457873 188.9046116673907 126.87356769948872
Food 860.0467562288395 56.533285219822695 79.39292785844395
Food 1110.5652252630848 174.24797395183796 135.32726407549734
Food 416.2254852722796 992.0986974970906 24.420130087121372
Food 342.42090584786234 547.8102403315081 19.67914755398938
Food 953.5118429027906 219.245025978342 9.01210275197618
Food 596.6487931603644 1027.0369623588383 17.685929892890556
Food 1037.6616037489716 217.89645011155443 21.095395693273247
Food 1156.1850468651348 948.2797270119198 0.060330682894818466
Food 1241.656702181146 625.5977665357102 4.513841401388376
Food 945.8889852850858 1086.445621383071 136.2065476849947
Food 532.4956388083601 1119.9178482241869 26.112700885347337
Food 1100.7560712126158 192.7582511065204 40.12628569652881
Food 989.1620568606228 214.54129631910618 54.713679049275726
Food 916.1751138899499 506.051502714303 74.40193177241585
Food 839.5255524977083 1206.2122276510586 137.7414517324891
Food 625.1026520724654 206.5846313276767 37.040869007142945
Food 931.6703141001607 910.7895278270817 22.854262985707262
Food 626.3160131325586 371.2560040075027 10.55169653809179
Food 946.3249012458874 925.8422789914397 53.705973025066086
Food 405.33922691620717 201.10486020123358 44.4829426916675
Food 638.5917266248057 432.10205087471616 8.865306795722404
Food 1142.3656360357477 467.3458472302647 11.329086822648588
Food 1071.3068061501617 936.8504127725824 49.47844346499117
Food 1045.9763933294307 1048.5654972135808 85.43585124318595
Food 277.6450339443496 736.8951552580917 50.38130436923191
Food 757.372811166636 990.349801165502 43.11807088911169
Food 216.5348505098593 719.7269916647235 11.683036953416575
Food 296.17714032346015 512.0628237658825 48.25198593131901
Food 994.6544966281535 904.256080422264 67.56244968976682
Food 300.22064939251186 1044.5123391755506 91.35860267298509
Food 1020.3214474697692 781.1873280502418 41.558754606091554
Food 318.2001907198625 856.5927423137445 39.08620594251305
Food 200.63206804168894 819.4718433331412 37.68672363679535
Food 708.0842209993992 1090.041073172534 27.115722416901825
Food 910.2642740219607 515.3722515565116 28.314415847618818
Food 661.87433763676 246.2524293448351 127.3990195852825
Food 589.8989711523249 1271.8282173244568 22.589601611680717
Food 296.82566663977474 650.8569847737413 1.5099603918990496
Food 231.31371842231505 478.76069836915167 67.72248326869388
Food 895.9756442649233 1169.9398610500273 21.74536771962693
Food 1177.0835955541731 973.6026420549864 102.68470588879141
Food 279.7002557627644 229.4483775300775 60.969141202137486
Food 812.0767747291087 34.96119608537236 49.0205523868745
Food 278.60506108244437 1068.456810548265 14.320746599031082
Food 602.2591121036329 283.06878144356244 43.76155195847019
Food 1237.681652237767 199.55810300112947 20.850465320732425
Food 798.3439448663089 958.2357173110211 7.041182991719239
Food 1224.1180144359448 692.3463178558735 85.63459631916506
Food 1139.9468964456257 691.4561317314324 33.754455016649786
Food 967.5008126548518 910.734280624801 75.22584799960222
Food 1152.9914960760032 995.6338512072358 43.9764295224104
Food 456.1735125758081 888.0199918936531 96.79913760584655
Food 960.3926496931347 1009.601680809825 24.853497196144275
Food 1127.2441706492032 435.0734174658188 20.83060620261122
Food 255.89014147814774 460.3685120753003 24.580817476997897
Food 304.28358861872454 1080.6361597642413 34.31239382274079
Food 1181.2972389101915 754.212313950701 19.936768866435088
Food 520.004965046251 577.0924200046536 2.61655383841034
Food 886.8464347224854 1209.8672017376712 50.05412324777309
Food 1083.6451121602304 1057.3656189422336 23.756842291232736
Food 904.6797772979671 862.3833168438871 51.245592611831924
Food 1127.4450587380545 277.41885121867955 138.17144295145414
Food 998.0692661232302 1266.3069571371348 27.222017818164794
Food 512.5255783849116 84.0326505753841 99.27135046789873
Food 371.3216392846712 139.61876790673648 28.123460890931057
Food 631.7345435284832 121.65893699080006 51.47146692906988
Food 1189.6413763627588 549.5170371981517 20.50462211840191
Food 639.9962846574508 352.1904352626187 66.11366947862457
Food 708.922296188896 99.21635183005547 39.41963008467428
Food 466.56075452880503 738.6105468724315 7.985013224497891
Food 440.88532821061585 418.11933679418365 108.5202394480982
Food 1099.6471322501702 971.2384592602118 52.937717017540535
Food 523.5792448404187 952.2423395992216 77.00742025214376
Food 955.7651049942847 306.6615956776429 21.047257349298285
Food 246.74857059613 478.44865460379634 72.08638273061925
Food 383.8026697593414 577.4189502089648 30.462713910508974
Food 1107.976948269333 1147.7226586047618 9.991577754830828
Food 809.3052153981465 1077.08910257944 0.5564891256698132
Food 837.9351477477161 140.6902513305179 10.291786003994332
Food 713.4378991823014 333.57949939618686 64.00809155953428
Food 823.683907995188 155.5454420877903 2.1782939496530602
Food 1078.793502817544 130.0276023858234 19.187746782488848
Food 545.8213193702035 912.6135889354983 39.81587701586672
Food 821.1323828449404 252.85643097410778 8.886765433406921
Food 1196.2469666433296 1128.4389511457978 17.71937823978724
Food 696.7058450631846 636.2099224046697 70.8763055480583
Food 541.2621002538322 61.364158450717376 19.712507728347475
Food 861.4037107201299 1120.8049552279867 71.89526892511964
Food 374.0105552465329 716.9268279429479 15.59647075749507
Food 566.4528353171019 694.5424635475009 36.83240949539781
Food 1227.2932981014287 838.8922243180236 47.01321800348998
Food 303.85089228756715 985.7096418424412 25.045381578000203
Food 618.6006596719395 382.6678661047291 48.08187041369749
Food 964.5852720947158 1094.3682140912751 137.4408202264068
Food 1240.3071364774328 927.3620067985927 19.739833148467028
Food 508.3198078455708 834.0871657877155 34.2886202324933
Food 832.6338424763105 992.8357335427485 19.287652071115033
Food 496.46462998543717 980.317595295435 1.8470828601402332
Food 725.3767187125776 1187.2123092902511 23.99389315065425
Food 901.6888287322779 1233.4090536961016 30.306381421769586
Food 96.85732698124296 80.88071571130419 28.059977720336946
Food 978.0709170620931 425.7760904819661 9.859445809199343
Food 217.35707821543116 146.33372765738682 13.907491576897272
Food 997.4791904049285 633.2794280716547 72.37343672768907
Food 1226.9917442891108 558.8503690036662 48.370030093001716
Food 1090.9614009970453 706.0823136251043 18.340800705433978
Food 548.9655532398388 468.6391559268359 10.00062398480577
Food 244.03211888222745 266.5173386586028 30.94535791051007
Food 895.993534346752 888.9429923028614 5.683254743368181
Food 257.7888336362575 258.19275218639467 48.21211954350845
Food 256.1653404232725 183.12871424137847 20.05072376782351
Food 802.51098566018 428.66682440914684 26.025564660626483
Food 1150.0867732802024 616.3381259157533 35.88391187194544
Food 725.11301138023 1177.3842402857051 38.27755972918753
Food 156.68875015426858 179.00358033962058 69.42006390216862
Food 1052.6459124147673 764.119637151084 23.728362055205018
Food 1067.748648630417 708.9892049241854 104.35260419052597
Food 1198.7987512845905 1073.5504742792966 2.8013707285633416
Food 88.74771842521353 490.65835641401907 51.355650202585295
Food 448.2424983022058 870.4197221490241 38.0668785861247
Food 887.1823301920616 612.7017914761263 62.28965295851853
Food 948.1130375380457 757.8144657030397 33.19583244587962
Food 1086.669308351755 1159.858445783152 17.295685497615523
Food 388.5326237945571 543.0365284673163 23.50436842816832
Food 1007.8783855602342 408.423334316406 136.0691828157121
Food 706.1386924334087 897.0166631605499 123.08979457035528
Food 897.8498268291137 1200.8423386196744 47.099538521130114
Food 664.216620842266 426.99149699002885 40.527133315568534
Food 520.3487236759358 895.5517971640039 75.96851789224499
Food 1064.213583807676 120.18309347660961 23.7387677606282
Food 979.2179213670549 681.6991383252797 31.75970668065495
Food 1073.4991647197066 722.5696149254862 118.69041788326302
Food 897.1711500697858 400.0840420631414 24.0468168089808
Food 1026.9834588975848 580.0776440153752 33.83117546115214
Food 334.25517804461657 956.0506307250122 37.50288348975461
Food 269.9812827853631 38.09637718730068 21.3419088470244
Food 1131.8014620609558 420.22791618177945 23.115907804502037
Food 667.4387382390814 491.06817219675355 22.150342563520326
Food 988.4421339371665 1025.3256619410008 59.03491143029586
Food 481.2193309228793 147.09030148905498 37.22874695730796
Food 402.428657083548 1102.8600128900475 19.878036237395285
Food 371.08469390781005 743.1877392438937 66.51948528379886
Food 720.2960144396425 1111.6249018669405 49.580961207939154
Food 452.65611534083166 525.439076967821 12.186787963091021
Food 854.3556622432096 248.0025662673311 25.133316620745216
Food 156.5921305391722 562.0042044400727 20.55514649058921
Food 697.0013273089935 64.24772414322936 23.955565047874195
Food 432.0678351719913 775.999134872689 2.2725608965209716
Food 118.9209526847053 916.5556335287625 26.165107908581312
Food 917.4877345083173 765.5033918593325 28.151245780136826
Food 302.96919115204736 695.4608493235894 118.20459869364737
Food 1095.6224594838402 171.99699393323098 117.70013408842836
Food 841.8550683310301 141.04842621033052 98.49707333580754
Food 418.46069531502894 123.65558344011532 50.87137363641796
Food 960.7688979467392 342.20844273808467 36.46972838827207
Food 1012.599282103961 994.9657951378841 29.435947028709776
Food 157.5604201061484 948.7701291028081 34.380362075953286
Food 1127.231894057503 1120.5765257265277 23.92613757961332
Food 646.8783414874931 1204.417330447998 136.13314063114183
Food 342.21251869055226 139.9573955513894 32.623091750914426
Food 866.43947864289 1172.9264304720164 27.39179021619161
Food 200.8423133621615 228.9983498721305 104.05764515102531
Food 986.6390143006912 884.4478709403563 13.747011639883581
Food 1092.2793069920249 821.6903339913323 110.58494546312357
Food 907.4218549849011 974.1878984884718 13.517449369770546
Food 1136.6244712646599 603.6457118359476 80.8563325580523
Food 1122.940754502161 899.2476601396387 45.82475478685613
Food 99.74932567245179 1067.7588257281834 5.992578513109475
Food 1043.7199168491898 340.57925871055005 8.418116989367896
Food 975.7694403193858 1009.9555220230905 21.82516523126387
Food 1091.804087046436 568.2806914200407 4.993877843110248
Food 629.5898139371865 319.858445906946 102.41117602698998
Food 200.89526259215705 196.44382120629268 72.61422691232679
Food 358.6373153035473 371.63175794233985 53.025636442539195
Food 312.7156785529858 414.85193414437447 61.70689300152067
Food 650.3923343939982 283.90034958266614 22.646051190063844
Food 159.99742702699737 684.8804908014056 68.40829765225703
Food 450.44665030643193 609.2937594904474 23.20846899960303
Food 1143.238945379839 673.3148331675344 134.12968924487365
Food 1127.6709585977096 373.63877395712416 41.813344606658845
Food 696.1439589579475 82.49386260184298 125.41163022619659
Food 635.2993538254129 1130.7088310372708 124.82966207470079
Food 938.245249468268 924.6772552317387 26.530722671252427
Food 1165.0585936068098 510.23936503686997 6.600268008560249
Food 947.0865446149683 20.468234897624388 9.467800449244102
Food 225.56995946394363 1231.366318446698 94.09706101125798
Food 833.8362986222814 253.96543802257477 37.45229302920396
Food 760.2216556212923 1136.5132225708362 76.67871916735648
Food 124.70064315563079 1203.691704368442 20.95712147041148
Food 795.3572919478212 1245.6797097897183 33.30969031173332
Food 641.6534867642529 1224.9173308497175 55.68603727357347
Food 516.4065386406522 941.6325578445995 57.655150070928315
Food 50.70485328733946 157.03077921081075 30.178533368812776
Food 415.88809200022433 102.94137666009546 24.975209208392663
Food 441.67512926415674 136.9642192482195 44.693981492784275
Food 1105.2615060891883 684.62279754647 10.693892748222307
Food 646.4844511002191 521.8897947123642 4.8722236324416315
Food 798.7681017989095 903.2708918871009 46.05025116154016
Food 658.6846919372942 685.1197328600293 4.229341337787901
Food 917.4599198752394 1228.6812739190696 79.05341009589054
Food 923.5267091348137 431.1990661271196 93.32140278225172
Food 205.26863731444405 129.61040319997704 30.783962966731124
Food 130.5687357904634 865.6979223885926 95.36308735738432
Food 41.30070642899483 133.7202351553808 40.8781552303107
Food 406.6826440446625 521.790114313878 24.82836023157266
Food 344.56617435966547 554.3105902280229 27.867648297780867
Food 434.29013365271334 889.4886093597529 75.54109938285842
Food 795.1786810761843 220.4387477915215 1.3309678561871827
Food 306.6765027304314 263.82088640241057 37.80024453283189
Food 628.8402046783596 640.9537507661676 12.996227361294814
Food 432.57197628361683 263.5682387797343 36.94499883403939
Food 802.3417664972256 804.9850710109903 21.468542275624152
Food 204.36162170554636 573.1833300718813 47.87374254860189
Food 299.1802562962403 46.732399596640846 74.19987109676279
Food 688.9083622819637 1244.557446842619 80.49299048558339
Food 227.73090359715502 996.1379913561493 49.38917485018144
Food 437.97416695054704 646.128968006156 26.132714864277528
Food 831.8299915375896 193.17899426199662 23.692099289494593
Food 87.73338239594433 410.144717389399 96.42418433030275
Food 887.1996968529952 248.90627685302923 71.2924074855404
Food 819.5640241523706 318.35943542588103 42.41575957269378
Food 706.5215452967561 599.6680726290053 20.3403205074065
Food 995.180566604081 974.6172717162005 5.704636886853137
Food 777.3428559122465 54.515087055235256 52.65426197073954
Food 225.7626963204782 1025.6050449160336 24.775445296510977
Food 397.6870501439595 683.0335377427491 35.70423467706286
Food 501.7195837228318 109.87338116757562 93.64182442287024
Food 311.8336772162879 806.0909239939557 37.014726967236655
Food 38.390538197074235 955.945828112611 57.00224332751296
Food 236.6249293975627 286.6566569834187 20.431402074567746
Food 1108.5758460807076 1216.006368132396 96.85420970082882
Food 219.4009801986358 1021.1708838573248 61.15296868049001
Food 525.2256992243281 228.14756063173957 116.46932785476587
Food 936.4375173983506 248.81449385218156 71.24535043503421
Food 1014.8884527720573 944.0746150930302 57.63725948069004
Food 788.3517952606553 357.41490921416283 26.184561930310082
Food 812.0617153333793 670.952198583065 20.47189736765676
Food 825.5488820319191 824.6627786724844 38.3124287960452
Food 1173.3240050681495 289.1905749286744 29.120063814709148
Food 244.52965789152344 298.8711767034133 61.6078962765486
Food 170.73023832635954 98.45561954549993 52.46727909902318
Food 713.2099060481298 283.6680240217678 49.177238541164314
Food 1220.593813709893 267.3338447231177 23.697430328645694
Food 240.54089326719733 1227.4987243641335 130.1744681956376
Food 652.3834774323803 731.9861533499501 112.59896798862928
Food 948.4029575547745 1144.9023383926462 19.515414201470364
Food 918.0268649073562 1205.1461105762498 41.5695688321799
Food 1152.565310268117 347.5529434578049 93.93340011639246
Food 582.4003146328658 1183.851691586728 121.96634947578276
Food 439.13114267164514 747.4015869859431 122.63593490031498
Food 720.0907406495389 1030.0205921001277 43.61399834377965
Food 327.73301437766645 298.48950885934613 19.076976952498402
Food 1075.2207929039835 306.3111073090959 23.8308880665846
Food 739.0806803324149 638.1164299694883 25.858557972157108
Food 397.9621995944659 76.81202138382261 21.58303705402373
Food 1104.8913679582195 1214.8196645761439 53.265480798222576
Food 1169.0475551493096 483.3400332327716 54.27656111266934
Food 462.96897529418254 1068.6187880979435 40.63803251031608
Food 883.1436742395945 478.46526751525903 26.44732055224281
Food 714.9758447037884 1061.1285451393492 63.65064815895455
Food 1219.7182164090254 179.4985176545755 40.682753470417175
Food 640.8439412076444 165.5437920808138 21.42024112802186
Food 564.7196480207471 758.223797958867 133.6752249860485
Food 915.8404226480659 591.9776903579389 9.838438981724039
Food 382.03227784016764 696.1829112976986 87.8446338305076
Food 186.82278787705644 528.4246379918324 33.64981486834016
Food 1014.5397710263051 1083.676012695143 118.88133903362092
Food 342.9942492339359 328.1902435730013 46.224308934425466
Food 145.01662088965284 1182.918413878047 122.31069517067156
Food 392.53064949225706 967.4674913822265 125.57244387766818
Food 1034.61380481377 1000.3465831799234 42.4343810182048
Food 999.0554483929564 1096.1557266053892 42.33484606221566
Food 496.20400188628696 272.74339568384073 13.485777442641336
Food 1238.7274707080824 376.75462451078903 20.426290460175323
Food 482.6238223607372 885.6548954099359 69.94064785190866
Food 535.8733280603734 281.1132335650111 117.93883927372686
Food 94.527427478038 783.8225139823228 65.59701421346465
Food 283.14065351455326 879.4303370494155 60.66432157751507
Food 1081.7244026225248 146.74675275670924 44.469874753255596
Food 973.8854190587292 1116.7649303160124 123.29669937316494
Food 106.5389883779872 989.0384934785625 101.72161922642574
Food 1107.8023107982074 392.7893027358563 18.98671033944475
Food 902.0954900274821 874.4111461206774 20.159647535412006
Food 468.2033615888054 951.5340595903501 88.10849583219036
Food 900.2461797273228 484.85030139801745 39.54038324185014
Food 193.23546334577387 678.682838320439 60.29944965508343
Food 199.9102296457918 639.0357856693421 28.026568644763046
Food 710.101314618175 1090.6718369661087 45.484831698008776
Food 866.3499495738625 502.1323374642746 24.006553366977386
Food 505.8565765963248 447.24765532383316 19.876131781629955
Food 650.0068587616796 873.0825358010904 54.18664931931483
Food 814.8772102458314 51.19825098481144 21.69490989033504
Food 161.9873462982378 171.91339971903403 115.21761945516502
Food 940.0094705268735 1102.6562128635753 19.037336420089183
Food 315.11871913740566 1213.324103049641 110.15948290395407
Food 50.663227938157384 586.5486460991386 24.700319237238148
Food 769.2058552259529 845.3855952664373 28.035661342302454
Food 1033.3702918334416 917.3489794752031 24.69783833729491
Food 183.1062937205647 898.8468499640704 63.072558267455946
Food 970.9226066112706 331.6788231097507 20.84651748999811
Food 792.8995913691659 1081.6148630557118 103.88001985972855
Food 951.2031650678113 700.4295308905711 96.53897707807673
Food 168.677994806962 194.2873887159069 60.12243601488245
Food 299.3873337927135 46.8439962854452 19.60605280110515
Food 163.65791694938497 165.07689876724203 48.47902813096351
Food 112.2958307815845 432.51272726918523 21.602729775857817
Food 326.6047909075651 870.607463625802 65.52013074713446
Food 998.7205557310762 423.9404690755852 21.966400889744847
Food 606.0193631046562 23.65965711584544 1.9625205546784237
Food 443.41707159056824 133.7660362510607 45.550635294013105
Food 1187.931283150796 385.73177672438186 46.63020444010956
Food 697.1870811543569 170.8354586962168 82.64036782517204
Food 675.1899799456303 167.0705670667851 113.02730736633976
Food 26.58928807153454 894.682962497 34.443250853480336
Food 1184.4643552021996 973.6891398222622 22.318560657361562
Food 1215.1669469934382 260.2685672642432 25.135534947593555
Food 617.5388163736241 19.466014544225814 4.636967118997958
Food 473.44488283481707 801.3204137466638 19.989806389296504
Food 1057.3876639380255 1161.4819028098323 19.889096368922942
Food 390.0313931286143 1128.002598572391 30.22094860499397
Food 338.9715800469989 678.6803096632001 93.34086151283154
Food 439.5614921979144 375.1664896873196 117.16085665431653
Food 1249.1439814126936 158.52219583220972 135.90504148488282
Food 427.1066691756969 1087.3112387456924 54.334580705993545
Food 480.75527845614965 627.419443882729 43.381348289828324
Food 1002.8808705425954 906.0387623683871 22.966968210701566
Food 881.6971407240927 622.2163270676241 43.096687823035495
Food 773.48424036748 1207.7276285027783 39.833069923946276
Food 86.73678810810233 591.4474519215037 1.7962464301654713
Food 834.0320003854392 127.78548681134522 57.59778040153126
Food 1080.1518283801108 768.2391870709868 31.098597889822233
Food 50.324328310015574 1060.379043554937 19.896425743785088
Food 400.6656994098997 655.3109389714981 56.599395635884136
Food 134.672003170898 32.17545879384952 13.037787718676956
Food 632.6194626470256 1195.5008149468279 79.20283748369607
Food 1213.1702493532619 1135.0045302875849 31.190808156820765
Food 808.0866965221722 584.6855055397473 26.625071242898983
Food 259.1851162439176 258.5784031090653 33.58512443770118
Food 637.0228624953083 236.76594525013257 22.06918840523656
Food 897.5764240728763 934.5072945764624 78.44590829235938
Food 829.1299538056827 381.70773097169973 21.613724593173735
Food 112.78795679916651 1114.947219512799 73.72024305327463
Food 344.673592753195 570.3653841644492 81.68884613753389
Food 44.21742390380661 1210.82490721135 73.05521177551228
Food 180.80766644228322 890.2056906469726 23.51343376499247
Food 310.4396973627528 1225.0564247499372 133.4745636805011
Food 516.7868895054746 684.1221500276706 20.56364680312014
Food 493.60069307724524 895.868464467716 92.51137189710361
Food 696.3962244869023 1099.0575409122796 58.7872108514713
Food 1152.7182197757427 1148.2247011006316 76.19477089271372
Food 922.6448550924271 778.1612270504505 79.70807401689761
Food 625.64294724916 1206.2584544242206 104.63118115676811
Food 901.6521279863288 29.490158939232316 95.20068207558076
Food 153.35370886441348 153.38607468121924 21.490613156217055
Food 93.88547706235178 199.39827140515214 60.2716705388349
Food 1141.8965423787554 31.982713344657803 50.86018269315641
Food 1054.7631283809985 654.041906102537 83.49884522838683
Food 416.94408422328775 111.56860823346523 38.21087534509873
Food 1214.2222070860496 10.096371754149878 25.314479332616607
Food 1109.9404758247774 406.6946745268396 29.964035137759495
Food 526.1415599413765 1129.4496293205807 18.990042007305476
Food 1055.947453342212 724.3283871728902 22.058583921172648
Food 254.51336915903363 285.4714425449641 28.93047964333838
Food 94.14778700791096 410.68846212933033 37.72072929677151
Food 68.87031517825729 45.75341036515216 22.67687162868772
Food 310.38193833044477 848.7543733232544 20.021517896865532
Food 1170.038738942231 214.0110106190639 36.62114435178742
Food 246.28236769395411 207.16031209773908 51.911655646400355
Food 1257.6347979463671 162.2126355815079 60.61866727591481
Food 668.8712510094235 1125.2016148722637 47.83001248340404
Food 245.32276650603998 74.15616135964532 22.66867332483435
Food 583.4225717594572 600.459735459413 96.75387152658345
Food 99.40229454893714 1116.1752506166304 45.210328461821355
Food 185.95737110197234 890.1250864677017 21.47045731622725
Food 809.0383076009144 380.3757163248181 34.7067810509305
Food 174.37005874713685 767.976839727585 33.45166344936089
Food 497.6025224564647 1229.9541166957904 20.250369774421355
Food 169.18464548137018 797.8964114845464 56.383708211523775
Food 869.0645623876526 582.2486221019063 19.294500921128268
Food 1141.6238132988037 567.8677814713586 27.59459145746529
Food 495.7343323642261 321.91588404559405 53.33090096284023
Food 125.57484759509914 1099.7554583338965 29.1077092289415
Food 1091.1118758434084 1091.2017819179227 14.988822168723757
Food 256.65807541649826 195.30667971374126 53.92052729765217
Food 1022.7635639136234 37.73844006504964 22.511270268065275
Food 434.40294357080035 1242.459861510496 32.20010784275367
Food 544.8125472802801 261.5757479561097 18.970096074451178
Food 135.16986018740303 1189.8949274165313 20.849485658494558
Food 323.65626745506324 333.93354466275383 59.734921346159126
Food 770.9555428623634 362.36180561363585 26.168838014177698
Food 369.53972744670205 88.06021310805285 24.01211594894079
