C:\Users\willk\OneDrive\Stuff\EvoSim\saves\Save 2.txt
Map Size: 1280

Thing 33 155 211 1266.1256549881707 939.1489105192306 6866.834922081758 3.683951305249039E-4 73.54891929850722 35.288225460004 4.913044539195359 13.874345011829295 1.25110442246545 0.5691939322399087 106.0
Thing 39 164 247 609.9536659298229 930.1680491968593 3959.0408287099226 3.683951305249039E-4 229.63606597004184 38.844807841908775 5.099127413732477 13.950059903627842 1.7636054508913706 0.5187690769943215 107.0
Thing 19 150 125 71.50818046562293 1226.294832811513 4935.571250121636 3.683951305249039E-4 27.583500131754366 27.65334327801603 4.898012558502632 13.7696319260994 1.0388917784885665 0.5567708361944589 102.0
Thing 21 165 240 1177.4653058167999 442.41340554862893 2044.8190270216041 3.683951305249039E-4 257.9383711740267 43.75737699813748 5.96250753487438 13.874345011829295 1.7636054508913706 0.570511598963105 106.0
Thing 19 190 240 1261.9289445667866 956.5772484028898 3529.1935692868165 3.683951305249039E-4 342.06737231259035 35.28776900178258 5.254031011437847 13.535742234538686 1.30481366827263 0.5222314046909764 108.0
Thing 49 193 241 687.1993752247557 1103.7882927043827 3243.379447731712 3.683951305249039E-4 308.8633914950424 35.7345994225812 5.406233815658684 13.13322210813053 1.5178974961732474 0.5803065364553055 113.0
Thing 39 164 247 861.6955358084449 826.1998296652594 5919.624684801882 3.683951305249039E-4 302.38420695837584 44.54193348272253 5.19242331690571 13.874345011829295 1.855895172477159 0.5474464792259263 108.0
Thing 8 168 238 265.5656548115271 192.72959393415107 8376.272877709654 3.683951305249039E-4 260.4171441777702 35.16017922685328 4.84887060843311 13.874345011829295 1.4951627616927534 0.5708290909416248 107.0
Thing 33 159 240 13.264763489227839 414.6162534424916 4898.290183360341 7.315890187373081E-4 230.6009323596398 35.05731368322669 5.099127413732477 13.264763489227839 1.7636054508913706 0.5718439951522879 107.0
Thing 50 140 213 832.3874183813498 385.0059970670807 3006.198910972915 7.315890187373081E-4 246.72841431456735 32.12660008468623 4.221082233879402 13.874345011829295 1.7636054508913706 0.5816456247132304 108.0
Thing 45 206 248 888.9362481512792 446.7104177690034 5569.2129721888605 3.683951305249039E-4 320.52639775940145 32.67136427069067 5.36630126100872 13.128960136050868 1.3807847257953285 0.5063005724391458 115.0
Thing 40 174 151 557.4547077211562 208.65320284178594 534.9818459036139 3.683951305249039E-4 344.6672313255691 27.65334327801603 4.898012558502632 13.7696319260994 1.0821765822300553 0.5567708361944589 103.0
Thing 6 137 231 308.14267966473864 348.3445407815675 6764.116217694938 3.683951305249039E-4 184.23676170277832 44.705848677302214 4.817596238496521 13.874345011829295 1.2609159934406469 0.5808463034468658 108.0
Thing 16 196 205 65.26192639895507 1079.1951441777753 3956.561023582937 3.683951305249039E-4 316.0629045924121 31.669714067146927 6.1054101364374915 12.137324817685329 1.9880220808161204 0.5851154749528078 111.0
Thing 39 164 247 121.148859617179 1267.3554269881886 2895.8020351525124 3.683951305249039E-4 71.63647000021855 35.9152535151473 5.19242331690571 12.644573011811419 1.855895172477159 0.5279565876764205 109.0
Thing 44 206 248 847.9237894277414 13.535742234538686 3171.48168933626 3.683951305249039E-4 175.3632466218721 27.800339838169464 5.254031011437847 13.535742234538686 1.30481366827263 0.5222314046909764 109.0
Thing 40 137 216 420.72285525188295 602.0743826262201 2745.678619220736 3.683951305249039E-4 92.17664376685094 35.288225460004 4.315604024699063 13.874345011829295 1.25110442246545 0.5691939322399087 107.0
Thing 23 185 235 989.4286679744373 620.0741869949137 1921.1078619627406 3.683951305249039E-4 298.49944878893393 40.66357420691291 6.028802131115107 13.874345011829295 1.7636054508913706 0.5531536008394835 107.0
Thing 30 159 240 160.703842337866 281.1450879610318 3605.9651978498705 3.683951305249039E-4 61.91941095981615 43.75737699813748 5.96250753487438 13.874345011829295 1.160967486180342 0.570511598963105 107.0
Thing 40 174 151 911.879165852084 55.76463020322631 1183.1618236642375 3.683951305249039E-4 124.31994931683424 27.65334327801603 5.8293779502605485 13.7696319260994 1.0821765822300553 0.5468077338207346 104.0
Thing 33 155 211 64.07136569164183 1026.2237835786161 3480.6938979395504 3.683951305249039E-4 335.59555013171945 35.288225460004 4.913044539195359 13.874345011829295 1.25110442246545 0.558453207098413 107.0
Thing 42 175 212 555.4432417078541 917.091277873016 2079.8328251520243 7.315890187373081E-4 350.11939491677344 34.78792644802935 5.099127413732477 13.264763489227839 1.944032813035593 0.5579485292701962 108.0
Thing 53 208 134 1252.1440644578838 1267.6243194918507 1356.3537123795998 3.683951305249039E-4 30.533802860197063 29.47878842672198 6.014878885954655 12.37568050814938 1.2028077646038193 0.5801157607628317 107.0
Thing 25 206 207 155.54703724421657 1154.116592093014 1441.224189870049 7.315890187373081E-4 276.4065149037799 37.16162029155641 4.140793087168798 13.264763489227839 1.180895142917727 0.5579485292701962 109.0
Thing 1 220 255 1266.4642577654613 1224.7026102299371 4924.202344629103 3.683951305249039E-4 31.960058708372827 35.28776900178258 5.308576562205705 13.535742234538686 1.30481366827263 0.5222314046909764 109.0
Thing 76 177 213 817.6921223259914 1018.8815373417533 2391.990802436981 3.683951305249039E-4 225.18380653229886 39.97706929717239 5.406233815658684 13.13322210813053 1.980570488482841 0.5830858930297815 114.0
Thing 50 144 218 685.7913145612717 851.1367222799292 3311.169166426145 3.683951305249039E-4 60.695163049044794 51.380051853615754 5.435555335862696 13.874345011829295 1.855895172477159 0.5597669419583474 109.0
Thing 25 206 207 1043.3374808029516 859.9488309527402 2073.640660996486 7.315890187373081E-4 318.56904321659465 37.16162029155641 3.698150895459558 12.521348909320704 1.4734099154743223 0.5579485292701962 110.0
Thing 30 159 240 224.46249253579862 960.8122064083999 2223.7639716636327 3.683951305249039E-4 77.16445984508334 43.75737699813748 5.96250753487438 13.427615351188134 3.7479595182919323 0.5466709628733981 108.0
Thing 50 144 218 351.42247137918764 475.23239000350134 1690.6927356791734 3.683951305249039E-4 81.15488596165856 51.380051853615754 5.435555335862696 13.874345011829295 3.8948946412419656 0.5635476550795859 110.0
Thing 25 172 247 834.1873550642248 1268.0214304294805 5219.068833577769 3.683951305249039E-4 312.9484025581794 28.589750185338044 4.2684305112144365 11.978569570519522 1.855895172477159 0.5494471917246279 110.0
Thing 40 174 151 434.5525177434034 598.1551638984215 288.0062500939135 3.683951305249039E-4 173.32196922680936 26.349655646601857 5.587060990889557 13.7696319260994 1.0821765822300553 0.5780575552422171 104.0
Thing 50 176 234 96.59447589339861 1267.3554269881886 2560.4702098342837 3.683951305249039E-4 36.05134212269516 35.9152535151473 5.19242331690571 12.644573011811419 1.855895172477159 0.5518435852453414 110.0
Food 1127.9825528983354 437.64448028882447 138.88400691843384
Food 836.2282381370917 540.068403474052 138.886198101966
Food 534.9731199190787 67.812323730242 138.7465386881306
Food 1104.1686066071375 995.0038095712341 18.789838320803455
Food 212.9172548619773 1155.5125405438312 138.0031010296426
Food 95.4606465980026 1239.515332688084 138.92189896419322
Food 389.37945759396837 1236.800511370412 138.74567255482484
Food 226.110554101401 1079.6391368524082 12.754590072832428
Food 134.8002065056243 1191.8500714778374 138.04614107435987
Food 103.79622003405699 1123.9191000806736 34.931006848654256
Food 307.5971057431627 977.7174362034697 27.52955359477167
Food 321.4708150573301 881.896098165297 6.513316771563261
Food 759.8500301539237 315.146481240736 32.30104512065192
Food 608.1186501720646 970.269477279544 67.29720282440371
Food 596.8731769673569 1145.3070593919247 95.0899764316573
Food 759.2476072416839 352.1010316882517 25.913108990834715
Food 640.5153423958108 720.2042087695955 54.31940281288229
Food 292.9765039202979 1112.8444286896956 50.96139063102048
Food 735.8476202335096 152.75352601317462 134.25572347447132
Food 92.25303368063098 669.0062270965865 9.906895077927025
Food 1078.5344506862102 715.6421000943332 135.95720950668598
Food 924.3186340806493 246.74888287225616 135.07441822431005
Food 672.1500823694483 307.9503371701768 75.28240599434682
Food 1113.9442161329057 1177.0908516247055 5.10133424223174
Food 50.47940633587535 307.39858411178136 29.371980893000575
Food 1229.9965312352367 41.60596844102675 13.794517579040324
Food 584.1841052996859 1069.205628492308 21.703377722890394
Food 289.4730160347068 787.2466778944621 53.44785142139744
Food 1174.780129933698 1232.7936994570623 7.972034396414088
Food 265.6647018297672 726.8737332610042 31.469444166997903
Food 638.424362196677 652.2102659302848 47.872898650771965
Food 64.87445879791066 312.8642061263076 39.148099829871605
Food 175.3731718066688 988.9151311409689 39.61018565268782
Food 1028.4465040333666 516.3019720289872 36.333435103492164
Food 1041.5232521445228 138.74857508883665 26.935362160718313
Food 955.4420509000632 38.97812152570229 84.48351146228653
Food 995.453020801411 70.91151291847181 51.685892274500546
Food 427.60340341484317 1043.9963634916694 95.99511136839882
Food 1056.11478129453 984.7327704721721 72.39066756758908
Food 405.69152078207617 212.55976960877254 41.91637595445296
Food 869.4531293760862 907.4134945694861 67.3651724493264
Food 98.84688632029395 416.393369212102 79.55576074507422
Food 242.4497977180285 1219.4982450594357 107.41705711670306
Food 1144.193783881445 778.8347983658375 31.629444578257054
Food 84.92752931114765 245.97944608985694 72.32634517861614
Food 174.5609790047221 716.5020762723709 45.86461892451692
Food 1229.9514285586295 194.90219155525568 41.13736104639828
Food 943.1012061303228 317.1410153373415 19.92865583070987
Food 1068.7502154328836 133.1370997993279 35.002484433464986
Food 311.6093969533782 936.5213232579823 19.51080593433155
Food 669.9986260980738 711.3270673233085 8.693648395574868
Food 44.293689205921666 293.8718159403759 71.20272028076141
Food 219.22766642170487 1229.2238817689695 23.843968254182897
Food 107.71813566738675 641.0051229158762 20.08672213263205
Food 633.6580628545859 59.709163914819285 27.674027040643107
Food 822.2292477393646 535.7635813500254 60.12496860759293
Food 834.1584377426074 1117.368264916832 20.13139206621863
Food 677.8276031932032 1145.343175045812 46.25791478773762
Food 399.5271836931757 992.3511175063398 22.46989226454201
Food 790.6319733466903 1188.5604782526987 6.093943312860063
Food 261.38452798379996 1226.8426866191926 50.28730716836114
Food 1096.8316467989684 155.95144806218426 60.01626996239504
Food 1044.503461949637 706.7407112620155 37.393010065510225
Food 755.2820304943607 545.9467169657872 118.90347380327766
Food 1136.0677682851942 1040.9113530946595 24.31900944868925
Food 397.3372869548012 949.8193104150454 48.68865428469565
Food 1087.8901796144526 57.935794866166205 22.431955929470302
Food 128.83134442997147 278.90893400645064 49.455735382962054
Food 403.7175733161443 998.8112323668898 34.65445964794804
Food 726.7904385248396 483.5103304806324 28.824196907561458
Food 792.3615623936475 1191.3426767305818 10.737472479002449
Food 1145.2473867217223 133.80599583202178 39.754597360668775
Food 227.717192034004 1150.3402964473305 57.70641533409003
Food 1144.6756355762973 535.1963070178145 20.669847834637462
Food 1179.3133544193597 492.14809783258073 57.251044519394554
Food 240.97014508075412 581.4308585899706 19.980400091109463
Food 763.0270157292863 8.768690648882524 20.49964886884651
Food 62.91341238289077 802.2153063416943 11.081867693707565
Food 91.61371112601557 309.83523994413366 87.1192304309571
Food 1170.2397392837506 644.1334865374139 38.992863038141934
Food 940.4773724044438 333.09383220940856 25.811693162978905
Food 38.31656253386006 518.9367614059815 18.85860568162724
Food 426.30586906455574 40.5121550692515 50.25886036362522
Food 1241.7320490420568 425.65612872907315 29.445952118514764
Food 539.6143822364962 666.1148994980014 1.6948446009424316
Food 1165.1066569592758 234.49058840394957 20.960287497053585
Food 764.8840119266375 212.2321155151678 116.98903587241107
Food 309.4343159381371 101.86031053528461 82.80858128704133
Food 1023.2051894403704 529.4209877472827 51.46013087920744
Food 1163.9463024922416 536.9787341552137 80.08928551054171
Food 472.005317907063 1210.5317750226716 62.302295795270894
Food 562.2373105222708 989.6464812395654 51.94828563309908
Food 940.275608096978 296.89152295039014 19.45391248979952
Food 924.2318819347801 1026.9678056637963 28.545875360814563
Food 242.90696714713943 1082.9827269456894 44.01554867136237
Food 918.8786334930479 271.86862290945834 2.191539501563689
Food 1130.2442334197399 1007.2598285043429 86.80731973797708
Food 423.48207718543387 783.292746242237 20.874286485133293
Food 533.3347032734401 1108.589047957849 35.808679789154354
Food 628.426369635399 201.6396777644644 10.576767771663114
Food 852.7223884227038 1205.79766032426 131.94279523864174
Food 20.23993788943329 336.879713494793 60.59168331831689
Food 492.0545227571498 379.89070067560766 103.73109587983645
Food 855.6097153357014 873.1232883767709 21.159149538318072
Food 55.12221904472013 317.58597147343346 58.6665797597909
Food 60.38669720197507 1165.1634231225573 33.841847384359994
Food 1049.4642211736018 251.4651942028564 35.633328240525415
Food 747.8522582972975 641.4066960500734 6.833882507160098
Food 507.8987046934409 1252.911762616768 136.7169300810217
Food 226.43158206840886 598.207616325857 30.514824275181045
Food 293.0775285470399 946.782300693181 27.709046194125726
Food 1149.9728251000697 970.5282355519412 33.685572397965416
Food 125.81005163143983 533.8520178570658 26.243494768377808
Food 789.9638814987381 739.1939486191596 9.067219976579128
Food 619.7231484330498 21.16275357246194 26.54218087953537
Food 693.0981800883344 1028.2629977630024 29.8646261565589
Food 646.03526867821 27.360683463921404 27.124673637441873
Food 1184.6654757017213 171.1489701295295 85.77490842701306
Food 593.4929840831239 1140.2065010460747 58.44144629335685
Food 570.8186107034875 362.51497685210404 48.85326705820746
Food 362.8132800251051 461.4900668780235 31.749134108351512
Food 24.77749311111525 336.9918032553023 19.3541445143618
Food 15.052958400247457 57.05965032374452 97.33043571015207
Food 188.71848236643493 974.0880013385662 44.22645455735574
Food 291.97310805773463 69.05161743021618 64.8461709279854
Food 268.6202590745101 1022.2244894676327 28.513054691969437
Food 70.39854647604663 108.18205527240112 90.72645724925196
Food 430.30449878884303 137.50085495938066 36.70735284655639
Food 274.74750208537336 693.3428985170775 43.760779003430855
Food 84.51120561717326 597.6636617932721 3.064333285399286
Food 715.0641885764088 61.44500868286539 24.666475602167587
Food 79.5193036532264 74.9554310405553 80.35601557173275
Food 460.8464537060778 402.9744917224269 19.933820430894038
Food 326.2506119692325 105.62599164978118 43.58821717247503
Food 671.8820762310497 1107.7125150884087 13.67873612862968
Food 543.6534294631813 372.8265605432694 23.316406829618195
Food 425.30190358535833 215.89785179941543 63.009968613448066
Food 383.550706900775 35.41730423202708 27.31072123515066
Food 686.9311408752311 1164.4129114078057 40.336946298590235
Food 388.2244337068417 946.5773794602623 20.364265235482776
Food 779.571999583391 102.17744394993875 25.36840251382378
Food 647.4211973838416 270.8606158379397 26.047937609166162
Food 222.78622003794192 1195.7830795676398 37.763013610497495
Food 1045.2469748423166 254.13584225808836 110.10383211470352
Food 903.8595562099654 1125.7900368005196 49.835540503898784
Food 37.99684977800797 172.59071908865533 60.80040309099411
Food 221.8992004117135 302.1611358852816 126.58425666184647
Food 1115.8367848213843 1052.0284258784905 22.753274299866135
Food 958.9730221198593 29.171060768120082 72.63260890255938
Food 1178.6581252273957 523.7119773446489 38.44846534068414
Food 827.1991610529487 790.0513004230984 22.49077908373802
Food 934.2827771880806 602.9375370000253 29.443110051640694
Food 456.2938928119576 1220.7903877051258 60.25924228431423
Food 278.4358861950717 994.4857706687403 18.772337138147265
Food 747.819681181863 381.6083508802115 76.70624535194554
Food 933.8593314028204 841.9020451976586 19.741152711624572
Food 849.2651794945625 299.22765558952693 19.00306375948146
Food 1106.4558552637272 62.49925413232593 129.7482778485092
Food 182.4740104433011 534.4361915046135 28.789685245979793
Food 441.6639026648707 1144.8448205389861 56.46877608891652
Food 242.83754410673566 255.79998503621974 24.167895320293198
Food 419.0324003918379 498.53756717247154 68.82263285556212
Food 322.8317150646019 869.6353178646928 23.53365061198564
Food 748.1176007557096 1131.468249353056 61.90368235645707
Food 418.76800805458197 837.2880067232292 27.38422802775141
Food 979.1277993261723 973.0013266265049 68.20265720907454
Food 438.75125279120357 664.7348879272564 71.74639189370228
Food 678.672336348001 218.4389048478004 55.87672883660274
Food 899.9806678076505 877.2618115764843 43.56522661873589
Food 756.8612362093207 1185.3093073658708 83.4826483106804
Food 275.96157718456897 956.5555768738232 25.604876524487672
Food 928.1747394702093 826.6910887945963 137.97701885428654
Food 13.228373093274762 262.4692305520786 31.834768669161065
Food 880.7105099790689 760.8853855359085 46.77258240346303
Food 840.2823864886518 1206.6424894443257 25.259628857591142
Food 951.5375058896814 567.9052353588866 29.127543878680306
Food 1204.2191054041996 674.8465310900885 47.814783466127665
Food 839.6192529363885 1240.925651956337 68.92117968005412
Food 68.79140614633408 501.3197247982513 24.74815223028178
Food 741.1286264912042 227.38219608238984 33.72269128153393
Food 219.1517825994015 537.511872245064 31.49966308539042
Food 94.20482091066519 1236.3336829062266 79.80627548239237
Food 828.394188776389 452.51354833684184 41.430844768009074
Food 742.3180287945598 316.65733676218275 32.75091409649555
Food 102.63643061909433 488.5110329033607 29.868384961730076
Food 785.8463459469565 354.57996954554073 40.798250990462776
Food 480.3207876510669 200.2940957488718 18.768876148682924
Food 855.9014375781005 729.4171576175644 67.76595742529547
Food 951.6435729070445 111.53976693975548 27.80826075259592
Food 542.4324552124572 348.28034931266814 71.22558435199434
Food 1240.2325825117173 1202.0446817354832 92.34972985701158
Food 847.8004880007896 534.0090806895106 23.540961916225257
Food 859.9417440022825 538.4478175557068 121.28735695165845
Food 774.9187788260334 1166.306981449349 61.03584314798253
Food 777.5705037694713 712.822260392541 41.208026024115895
Food 1023.117816688975 931.5983828749122 21.6589642778544
Food 8.827431839507646 28.6477538946313 23.13023468334969
Food 70.17708024238466 639.2729062703136 31.333578298025042
Food 119.11280204737962 406.5992627121335 26.740693024462537
Food 1151.4477705777197 1094.412089828996 72.80337480639176
Food 762.2664627465662 360.0070022457557 49.10268470265429
Food 686.5617547838121 251.20089780133736 23.41241305221406
Food 136.40495705555728 769.6778686458656 63.59049179379872
Food 425.7078893105168 519.9837057182666 22.178511557506393
Food 512.9934559655959 1247.3360355468017 26.92064398957435
Food 711.0900898535124 680.5661791302347 8.707230205084016
Food 949.1613081940947 712.6349118167175 85.96305052360175
Food 603.8487014491171 447.0571471933338 27.79284270174114
Food 1183.5177822125167 463.93302099195273 42.30648391123037
Food 611.1110090158205 1129.4883605467217 20.17652383125587
Food 1049.770912757362 228.40540989454323 56.555714478089584
Food 829.5014328018461 367.92198091267556 83.83676718747735
Food 899.4657245272083 726.3300529172737 18.84477379849507
Food 1059.560538493452 931.5977703787566 21.567614611039982
Food 834.9219463576051 210.1354705961447 28.252855274720602
Food 390.10682928204807 307.08108288875326 97.0113606590724
Food 189.99670246055996 330.0069490516833 21.835187588121556
Food 434.69554408534447 466.0593638034851 21.642180856193605
Food 1028.8247633950025 1144.389288542633 19.150546821132227
Food 82.5759576205865 1117.8878768257316 46.80051438990712
Food 964.2109539609094 124.18229559014478 19.35916802161217
Food 398.89066338150275 707.2834796752704 94.34520694429361
Food 624.9263665046383 13.106979956625425 67.4575305807597
Food 1060.4035817155345 1194.8588857789061 28.81718244009452
Food 506.6463629442813 301.9300653569464 20.323248318729032
Food 640.5730035218838 357.45908351545893 21.541122474947443
Food 840.5505915812473 420.6821232949508 29.002274282906633
Food 1181.6013063476287 966.289703589819 39.30242554582822
Food 1057.4748799008262 1186.0419993575103 83.70918767039528
Food 399.77758981239253 955.9608857947699 43.918668604524555
Food 812.1322459787652 655.1784656245765 22.358963867108947
Food 970.1188499157222 936.1599143464283 35.32417313080026
Food 849.9206394072846 411.8300721085604 41.583328497478334
Food 674.4114653503126 18.26116865539049 74.30818257511586
Food 656.5133105124081 165.75522261270075 22.15644988687582
Food 335.42467102980214 1045.669949853014 53.91427165928609
Food 766.5437280208545 900.6297339708552 69.68542857288948
Food 516.299366884131 640.8419238419862 44.80492922969219
Food 993.9445024335992 303.90297700983336 30.44619515648138
Food 450.97985613312744 84.93615902034678 31.51165856405444
Food 330.184661081802 981.819345915818 68.10027765381304
Food 15.407576346348199 542.6326999057303 34.0566307024082
Food 631.4440802078028 544.9852689585417 52.10345111392212
Food 887.770563250508 991.6129564725563 124.61927101023545
Food 437.80891663423216 583.0292336128558 18.981616442340986
Food 701.8744387097133 1230.3352320181489 42.69720981618798
Food 323.3536043535377 330.1923307819321 42.27757070875853
Food 828.9698057697433 673.9812317759936 46.91922897099377
Food 1101.6354367931283 888.1040981817133 105.41497750055736
Food 730.2174044679888 541.2643013260824 25.15600155978734
Food 615.2934389086136 1226.967319624098 36.20657569517451
Food 550.4417323787467 1044.5711250715485 28.232738372181714
Food 1232.3353604060103 217.38599920008662 83.40103263640641
Food 532.4758666135965 506.7566325807555 41.14716513042127
Food 269.9999775489674 1173.8047744257697 31.805850038546623
Food 550.0166556806972 971.3232839828091 20.78842529673674
Food 937.4013921374528 1009.4055797123401 129.27360498013238
Food 389.98343017607755 277.32485823212966 70.54093956924899
Food 644.8701136676568 510.4624391098624 76.14734818569156
Food 824.8024755844499 48.00311527650754 37.72406044153222
Food 1203.8930703293288 94.2733737550762 19.100879045776505
Food 1043.0482438654228 24.81730710312268 19.43722863934019
Food 421.5800694728299 724.3804109755698 100.7213987071212
Food 1205.2498347490823 36.87126072149111 84.29784640101896
Food 1016.6934663926912 364.2388483447228 69.04634539859059
Food 255.7576800467059 984.3105158600837 23.689070898881525
Food 472.23799010263247 5.949507961419692 20.301032565640842
Food 1128.267588258551 780.4207021047625 60.936448344224466
Food 1250.2142783307252 1253.671363966422 37.641209374803736
Food 528.9946259084828 1237.0529280931837 89.71172697766792
Food 1099.7587161184344 645.0714051376227 36.733514990250654
Food 925.3698658231962 772.0397664025668 20.625982020163065
Food 80.35645392260922 494.7335634125079 27.993149097457618
Food 196.82093736210248 157.2393195894457 18.832592910489065
Food 834.8791546903982 34.27654702850917 26.157033550743122
